1	10	0.0000109977
2	10	0.0000110013
3	10	0.0000160054
4	10	0.000013001802
8	10	0.000016000999
16	10	0.000010000201
1	20	0.0000179985
2	20	0.000024001502
3	20	0.0000260037
4	20	0.000029004403
8	20	0.000025017001
16	20	0.000025001202
1	40	0.000038006998
2	40	0.000050002298
3	40	0.0000520044
4	40	0.000054999095
8	40	0.000055005705
16	40	0.000056007608
1	80	0.000069011905
2	80	0.000092009
3	80	0.00012901214
4	80	0.000109009496
8	80	0.000115009796
16	80	0.00011500978
1	160	0.00013199958
2	160	0.00020501488
3	160	0.00020701895
4	160	0.00021901522
8	160	0.00026002398
16	160	0.0002220213
1	320	0.0002470046
2	320	0.00036203393
3	320	0.0004070282
4	320	0.00040601936
8	320	0.0004060332
16	320	0.0005310171
1	640	0.0005810554
2	640	0.0007030585
3	640	0.0008430614
4	640	0.00082806987
8	640	0.0009390747
16	640	0.0009430717
1	1280	0.0012340951
2	1280	0.0015491227
3	1280	0.0015951272
4	1280	0.0017551368
8	1280	0.0019481548
16	1280	0.0020311496
1	2560	0.002507199
2	2560	0.0033332626
3	2560	0.0036172858
4	2560	0.0037682983
8	2560	0.0042803423
16	2560	0.004535359
