1	10	0.0000040020004
2	10	0.0000039993
3	10	0.0000039992
4	10	0.0000049960004
8	10	0.0000030004003
16	10	0.0000070003002
1	20	0.000011
2	20	0.000010999801
3	20	0.000012004901
4	20	0.000011001201
8	20	0.0000120006
16	20	0.0000119992
1	40	0.0000180019
2	40	0.0000250002
3	40	0.000028001901
4	40	0.000027000997
8	40	0.000027000202
16	40	0.0000400033
1	80	0.0000350095
2	80	0.000042004904
3	80	0.000041003907
4	80	0.000050000795
8	80	0.0000670055
16	80	0.000061003695
1	160	0.0000840124
2	160	0.00009600611
3	160	0.00009399648
4	160	0.000087004286
8	160	0.00013501463
16	160	0.00013501121
1	320	0.00015901202
2	320	0.0001820146
3	320	0.00018401792
4	320	0.00018401394
8	320	0.00019101883
16	320	0.00026202772
1	640	0.00041803907
2	640	0.0003580318
3	640	0.00045503525
4	640	0.00047604254
8	640	0.0003890314
16	640	0.0005090373
1	1280	0.00084406644
2	1280	0.00072005886
3	1280	0.0007080546
4	1280	0.0009360756
8	1280	0.0009850772
16	1280	0.0010240888
1	2560	0.0020381673
2	2560	0.002228177
3	2560	0.0023011896
4	2560	0.002661216
8	2560	0.0027192181
16	2560	0.0026932028
