1	10	0.000054969998
2	10	0.0000519713
3	10	0.0000619672
4	10	0.000071923
8	10	0.0000609764
16	10	0.000057981604
1	20	0.0000579611
2	20	0.000057947003
3	20	0.0000549704
4	20	0.000014005302
8	20	0.0000110091005
16	20	0.0000559769
1	40	0.00006696421
2	40	0.000065967295
3	40	0.0000709476
4	40	0.0000559973
8	40	0.0000749912
16	40	0.0000859381
1	80	0.00006696399
2	80	0.000075967
3	80	0.00008595349
4	80	0.00009492107
8	80	0.0000789211
16	80	0.00008196549
1	160	0.0001009485
2	160	0.00013990427
3	160	0.00012492959
4	160	0.00012093389
8	160	0.000124914
16	160	0.00014094287
1	320	0.0001449205
2	320	0.00014591098
3	320	0.00018591358
4	320	0.00019188816
8	320	0.00019391112
16	320	0.0001908858
1	640	0.00029085064
2	640	0.00035680045
3	640	0.00035879313
4	640	0.00032687033
8	640	0.00036478555
16	640	0.00033288082
1	1280	0.000510694
2	1280	0.0005167208
3	1280	0.0006166757
4	1280	0.00059565296
8	1280	0.0006366736
16	1280	0.00058767694
1	2560	0.001487173
2	2560	0.0012433078
3	2560	0.0013602498
4	2560	0.001439196
8	2560	0.0017780319
16	2560	0.001564159
