1	10	0.0000329861
2	10	0.000093006005
3	10	0.0000700017
4	10	0.000074004296
8	10	0.00006800439
16	10	0.000067006105
1	20	0.0000410044
2	20	0.00040904223
3	20	0.00054904557
4	20	0.00045603662
8	20	0.00034903153
16	20	0.00028202243
1	40	0.0001760125
2	40	0.001981158
3	40	0.0010930849
4	40	0.0013251057
8	40	0.0007850646
16	40	0.00058004254
1	80	0.00010501008
2	80	0.001934155
3	80	0.0021081713
4	80	0.0023281868
8	80	0.0017001365
16	80	0.0014551119
1	160	0.00020201463
2	160	0.0025232022
3	160	0.0028002223
4	160	0.0029572393
8	160	0.003198254
16	160	0.002984234
1	320	0.00037003207
2	320	0.0019531522
3	320	0.0034852757
4	320	0.0050314013
8	320	0.0062885047
16	320	0.005968472
1	640	0.00054903846
2	640	0.0022961837
3	640	0.0045793634
4	640	0.006881555
8	640	0.0122559825
16	640	0.012962049
1	1280	0.0015351259
2	1280	0.0034552838
3	1280	0.0070695635
4	1280	0.012622021
8	1280	0.024396952
16	1280	0.026021086
1	2560	0.00238119
2	2560	0.0050343964
3	2560	0.008602687
4	2560	0.015597251
8	2560	0.04887191
16	2560	0.053340256
