1	10	0.000019001502
2	10	0.0000179866
3	10	0.000019989402
4	10	0.0000210008
8	10	0.000020979202
16	10	0.000023979801
1	20	0.000023985904
2	20	0.000041961095
3	20	0.000047964593
4	20	0.000053969
8	20	0.000059966704
16	20	0.000051996703
1	40	0.000044975204
2	40	0.00008296438
3	40	0.000095933385
4	40	0.00010293599
8	40	0.000108980734
16	40	0.00011094139
1	80	0.00008793959
2	80	0.00014992147
3	80	0.00018691004
4	80	0.00020689808
8	80	0.00022685737
16	80	0.00024387924
1	160	0.0001589283
2	160	0.00029285165
3	160	0.00039779104
4	160	0.000406793
8	160	0.0004777326
16	160	0.00048774618
1	320	0.00031784194
2	320	0.00059366843
3	320	0.00073462
4	320	0.0008105567
8	320	0.00095947325
16	320	0.0009804558
1	640	0.0006916365
2	640	0.0012093536
3	640	0.0015321589
4	640	0.0017670365
8	640	0.0020448952
16	640	0.0019859318
1	1280	0.0015470679
2	1280	0.00268451
3	1280	0.003480112
4	1280	0.0034980855
8	1280	0.0041617313
16	1280	0.0041527674
1	2560	0.0031762696
2	2560	0.0053890543
3	2560	0.006558421
4	2560	0.007375985
8	2560	0.008907141
16	2560	0.0089551285
