1	10	0.00007800472
2	10	0.0006050473
3	10	0.0006100502
4	10	0.0006610482
8	10	0.0011550925
16	10	0.0011030873
1	20	0.00010900881
2	20	0.0020941654
3	20	0.0028432284
4	20	0.002515202
8	20	0.0019981535
16	20	0.0017511359
1	40	0.00074706035
2	40	0.009189739
3	40	0.004771383
4	40	0.0052774255
8	40	0.003440273
16	40	0.0026112061
1	80	0.00016901334
2	80	0.006760543
3	80	0.007212576
4	80	0.007910634
8	80	0.0056984527
16	80	0.0044403565
1	160	0.00020301536
2	160	0.0076676197
3	160	0.009509762
4	160	0.010174818
8	160	0.010374831
16	160	0.008894721
1	320	0.0005380423
2	320	0.008480682
3	320	0.011642945
4	320	0.016790364
8	320	0.019209532
16	320	0.017404396
1	640	0.00061104924
2	640	0.0065035205
3	640	0.014392165
4	640	0.023573902
8	640	0.039626166
16	640	0.038098067
1	1280	0.002985237
2	1280	0.0079306355
3	1280	0.020535216
4	1280	0.03803901
8	1280	0.07667019
16	1280	0.07475722
1	2560	0.0029942365
2	2560	0.01203163
3	2560	0.019793585
4	2560	0.046768673
