1	10	0.000028965205
2	10	0.000028017808
3	10	0.000029990702
4	10	0.000031996005
8	10	0.000032008902
16	10	0.000032984004
1	20	0.000026970003
2	20	0.0000699494
3	20	0.000087959605
4	20	0.00008994852
8	20	0.000097944896
16	20	0.0000849789
1	40	0.000045975798
2	40	0.00015689686
3	40	0.00019290508
4	40	0.00018789434
8	40	0.00019392696
16	40	0.0001899104
1	80	0.00009195271
2	80	0.00024186204
3	80	0.00031284228
4	80	0.0003847699
8	80	0.00039978238
16	80	0.000381814
1	160	0.00019288213
2	160	0.0003887854
3	160	0.00058968225
4	160	0.00067764486
8	160	0.000819568
16	160	0.000831547
1	320	0.00032981476
2	320	0.0007546023
3	320	0.0011264019
4	320	0.0013722796
8	320	0.0017610629
16	320	0.0018120267
1	640	0.0006976397
2	640	0.0013742626
3	640	0.0020109075
4	640	0.0024756582
8	640	0.003790964
16	640	0.0037039898
1	1280	0.0013962508
2	1280	0.0029194157
3	1280	0.003595053
4	1280	0.004417593
8	1280	0.008091552
16	1280	0.007885706
1	2560	0.0030313388
2	2560	0.005496995
3	2560	0.0071291146
4	2560	0.008473357
8	2560	0.01473796
16	2560	0.015441568
