1	10	0.00007700701
2	10	0.0006490375
3	10	0.00062905095
4	10	0.0007280599
8	10	0.00059604825
16	10	0.0006270491
1	20	0.00011802881
2	20	0.0014621099
3	20	0.0015741258
4	20	0.0014731186
8	20	0.001228102
16	20	0.0009660778
1	40	0.00074706035
2	40	0.0047113774
3	40	0.002580199
4	40	0.0030942482
8	40	0.0019481586
16	40	0.0015941147
1	80	0.00014901225
2	80	0.0040483163
3	80	0.0043813554
4	80	0.0047743875
8	80	0.0033822695
16	80	0.002804224
1	160	0.00023301953
2	160	0.0045953607
3	160	0.0057264557
4	160	0.0062835026
8	160	0.0062875035
16	160	0.005773459
1	320	0.0005560422
2	320	0.004957391
3	320	0.006576528
4	320	0.009749788
8	320	0.01169594
16	320	0.0112779
1	640	0.00062904746
2	640	0.0040713283
3	640	0.009075731
4	640	0.013701108
8	640	0.023833908
16	640	0.022495795
1	1280	0.0021191572
2	1280	0.004952393
3	1280	0.011540921
4	1280	0.023351867
8	1280	0.044861544
16	1280	0.04638071
1	2560	0.0024071925
2	2560	0.0066455374
3	2560	0.012527001
4	2560	0.02783624
8	2560	0.08973917
16	2560	0.094788656
