1	10	0.0000589681
2	10	0.000058980197
3	10	0.0000629774
4	10	0.000104966275
8	10	0.00010291029
16	10	0.000045937304
1	20	0.00011396931
2	20	0.00013592678
3	20	0.00018991415
4	20	0.00018894718
8	20	0.00018293706
16	20	0.00012789719
1	40	0.00021587918
2	40	0.000102940496
3	40	0.000097954784
4	40	0.00010796658
8	40	0.00018290809
16	40	0.00009594121
1	80	0.000119949196
2	80	0.000125954
3	80	0.00022291219
4	80	0.00013893408
8	80	0.0002588701
16	80	0.00014991182
1	160	0.00015591833
2	160	0.00048370095
3	160	0.00087547716
4	160	0.00021387536
8	160	0.00068965985
16	160	0.00022885733
1	320	0.00050471723
2	320	0.00069160847
3	320	0.00074058876
4	320	0.00032381725
8	320	0.000335824
16	320	0.00036577773
1	640	0.00049771817
2	640	0.00060065393
3	640	0.0006706008
4	640	0.0008475015
8	640	0.00081154617
16	640	0.000790576
1	1280	0.0010114138
2	1280	0.0013052421
3	1280	0.0013592199
4	1280	0.0015961237
8	1280	0.0017380347
16	1280	0.0018639615
1	2560	0.0020398812
2	2560	0.003036281
3	2560	0.002893394
4	2560	0.003164223
8	2560	0.0035050316
16	2560	0.0035339922
