1	10	0.000066942805
2	10	0.0000569679
3	10	0.000017967399
4	10	0.0000169927
8	10	0.000099984
16	10	0.0000969289
1	20	0.00013498208
2	20	0.0001059554
3	20	0.000099924
4	20	0.00013094388
8	20	0.00012487291
16	20	0.000129932
1	40	0.00015693088
2	40	0.000075938
3	40	0.00016990119
4	40	0.00017191691
8	40	0.0001678988
16	40	0.00016889849
1	80	0.00008695819
2	80	0.00018191768
3	80	0.00025485217
4	80	0.00026180354
8	80	0.00035293394
16	80	0.0001659059
1	160	0.00023582605
2	160	0.00014094636
3	160	0.00013092507
4	160	0.00024685412
8	160	0.00016289888
16	160	0.00016490514
1	320	0.00020194022
2	320	0.00020791728
3	320	0.00026689694
4	320	0.000579669
8	320	0.0003148076
16	320	0.00028884556
1	640	0.0006036833
2	640	0.00093641906
3	640	0.00054568483
4	640	0.0008185788
8	640	0.00047173983
16	640	0.00046973902
1	1280	0.00060964236
2	1280	0.00065860763
3	1280	0.0012373268
4	1280	0.00088654005
8	1280	0.0010253948
16	1280	0.0010244392
1	2560	0.0018459439
2	2560	0.0021307683
3	2560	0.0019499564
4	2560	0.0023067025
8	2560	0.0024375871
16	2560	0.0023485816
