1	10	0.0000040023
2	10	0.0000050066
3	10	0.0000079886995
4	10	0.000006
8	10	0.0000060019
16	10	0.0000070005
1	20	0.0000080019
2	20	0.0000120035
3	20	0.0000140014
4	20	0.000012000301
8	20	0.000012000701
16	20	0.0000090005
1	40	0.000012999301
2	40	0.000023001303
3	40	0.0000259998
4	40	0.000022002201
8	40	0.000023004402
16	40	0.000020993597
1	80	0.000033004897
2	80	0.0000480044
3	80	0.000051001403
4	80	0.000056007
8	80	0.00004900581
16	80	0.000047003294
1	160	0.00008600741
2	160	0.00007100411
3	160	0.00009100561
4	160	0.000090010595
8	160	0.0000940053
16	160	0.00013001909
1	320	0.0001360144
2	320	0.00014501132
3	320	0.00016401063
4	320	0.00016200093
8	320	0.00017101293
16	320	0.00017599273
1	640	0.00024301783
2	640	0.00025102095
3	640	0.00030702446
4	640	0.00030702335
8	640	0.0003150235
16	640	0.00031402468
1	1280	0.00058104354
2	1280	0.00059205136
3	1280	0.0007340518
4	1280	0.00071205775
8	1280	0.00079307106
16	1280	0.0008060596
1	2560	0.0017391366
2	2560	0.0015371229
3	2560	0.0016971389
4	2560	0.0017231343
8	2560	0.0018291458
16	2560	0.0017821399
