1	10	0.000029004601
2	10	0.000066003595
3	10	0.0000769854
4	10	0.000082013896
8	10	0.0000740065
16	10	0.00006900651
1	20	0.000048004094
2	20	0.00039703332
3	20	0.000571054
4	20	0.00050703966
8	20	0.00040403212
16	20	0.00031802506
1	40	0.00018300384
2	40	0.004746378
3	40	0.0033852651
4	40	0.0031692497
8	40	0.0034492724
16	40	0.0016971315
1	80	0.000090007
2	80	0.009964801
3	80	0.047586802
4	80	0.016931357
8	80	0.013543081
16	80	0.00762562
1	160	0.00016401251
2	160	0.047305714
3	160	0.07677407
4	160	0.08690991
8	160	0.07381688
16	160	0.061005916
1	320	0.00036302672
2	320	0.047367726
1	640	0.00059504673
2	640	0.042247284
1	1280	0.0015891242
1	2560	0.003056262
