1	10	0.000031982698
2	10	0.0000469618
3	10	0.000029980303
4	10	0.000022002701
8	10	0.000031980602
16	10	0.000024990099
1	20	0.000017989702
2	20	0.0000989813
3	20	0.00013991927
4	20	0.0001479375
8	20	0.00015890902
16	20	0.0000529663
1	40	0.000034002805
2	40	0.00021991563
3	40	0.0001159437
4	40	0.00009990701
8	40	0.00011292301
16	40	0.00011396287
1	80	0.0000649616
2	80	0.00012689667
3	80	0.00025784562
4	80	0.00022588782
8	80	0.00023385299
16	80	0.00030681986
1	160	0.00011496167
2	160	0.00055868644
3	160	0.00045274786
4	160	0.0004027494
8	160	0.00050071726
16	160	0.0007895341
1	320	0.00021887542
2	320	0.0004167755
3	320	0.00076158514
4	320	0.0007585723
8	320	0.0011163532
16	320	0.0012003399
1	640	0.00047073362
2	640	0.0012023238
3	640	0.0010464331
4	640	0.0019089642
8	640	0.0021777633
16	640	0.002332677
1	1280	0.0011003785
2	1280	0.0017250251
3	1280	0.001968927
4	1280	0.0025845333
8	1280	0.004301581
16	1280	0.00559286
1	2560	0.0019699184
2	2560	0.0027714623
3	2560	0.0037348825
4	2560	0.004748334
8	2560	0.009608592
16	2560	0.010160279
