1	10	0.000082006816
2	10	0.00068305095
3	10	0.0006970495
4	10	0.0006950589
8	10	0.00081006694
16	10	0.0007480651
1	20	0.000118006916
2	20	0.0021811752
3	20	0.0029332328
4	20	0.0026002054
8	20	0.0021211673
16	20	0.0014411191
1	40	0.0007570613
2	40	0.010002808
3	40	0.0048533827
4	40	0.0063844975
8	40	0.0037743
16	40	0.0034242552
1	80	0.0001920316
2	80	0.0067235394
3	80	0.008126656
4	80	0.009038731
8	80	0.008132667
16	80	0.0053832484
1	160	0.0002990033
2	160	0.007830631
3	160	0.010152812
4	160	0.011904948
8	160	0.012764023
16	160	0.011047874
1	320	0.0006220686
2	320	0.009333799
3	320	0.012358823
4	320	0.018753197
8	320	0.023350885
16	320	0.020565145
1	640	0.00059604965
2	640	0.006670588
3	640	0.015069213
4	640	0.024162903
8	640	0.04261141
16	640	0.043706633
1	1280	0.0029232334
2	1280	0.007490609
3	1280	0.019068517
4	1280	0.037151173
8	1280	0.08242607
16	1280	0.085878
1	2560	0.0027682208
2	2560	0.010324819
3	2560	0.019040534
4	2560	0.048194874
