1	10	0.0000159996
2	10	0.000029001403
3	10	0.000036000798
4	10	0.000036003297
8	10	0.000046011806
16	10	0.000035002802
1	20	0.000026002503
2	20	0.0000870082
3	20	0.000095001895
4	20	0.00011401472
8	20	0.00011401096
16	20	0.0000980077
1	40	0.000046002704
2	40	0.00019400907
3	40	0.00024201746
4	40	0.00027402153
8	40	0.00026701446
16	40	0.00027002007
1	80	0.000075001095
2	80	0.00043203306
3	80	0.0007220574
4	80	0.000739058
8	80	0.0007510585
16	80	0.00066705566
1	160	0.0001330099
2	160	0.0010450698
3	160	0.0030472444
4	160	0.0032042472
8	160	0.0024281945
16	160	0.0018481461
1	320	0.00025301782
2	320	0.003081247
3	320	0.019533545
4	320	0.02961338
8	320	0.012302984
16	320	0.006125499
1	640	0.00051804044
2	640	0.0028232278
16	640	0.02192077
1	1280	0.001157094
2	1280	0.0045433664
1	2560	0.0023031821
2	2560	0.0053664343
