1	10	0.000073005314
2	10	0.0011940948
3	10	0.0007970674
4	10	0.0016171201
8	10	0.000795064
16	10	0.00060004875
1	20	0.00010000712
2	20	0.0017881445
3	20	0.0018791422
4	20	0.0015171183
8	20	0.0014471211
16	20	0.0009920807
1	40	0.0007570581
2	40	0.0047893873
3	40	0.0026452106
4	40	0.0029942438
8	40	0.001958157
16	40	0.001512128
1	80	0.00015799202
2	80	0.0045493627
3	80	0.0051394063
4	80	0.004538368
8	80	0.0035852797
16	80	0.0028112235
1	160	0.0002320149
2	160	0.0047333846
3	160	0.005833466
4	160	0.0061424924
8	160	0.009164698
16	160	0.0056204535
1	320	0.0005340408
2	320	0.0050594006
3	320	0.006935545
4	320	0.011249896
8	320	0.013685101
16	320	0.012145946
1	640	0.0006840523
2	640	0.0049783937
3	640	0.0089157075
4	640	0.013956633
8	640	0.0275112
16	640	0.0242158
1	1280	0.002451195
2	1280	0.005080404
3	1280	0.012517998
4	1280	0.028265288
8	1280	0.050944064
16	1280	0.052177664
1	2560	0.0025732026
2	2560	0.0070655686
3	2560	0.014557149
4	2560	0.02936161
8	2560	0.09589589
