1	10	26.18
2	10	50.88
3	10	62.93
4	10	71.06
8	10	84.55
16	10	91.46
1	20	12.64
2	20	38.80
3	20	55.51
4	20	66.23
8	20	82.04
16	20	90.04
1	40	5.94
2	40	23.78
3	40	44.84
4	40	59.71
8	40	79.42
16	40	89.46
1	80	2.98
2	80	12.85
3	80	32.03
4	80	50.07
8	80	78.18
16	80	88.36
1	160	1.51
2	160	6.12
3	160	20.45
4	160	38.80
8	160	74.78
16	160	88.21
1	320	0.75
2	320	2.89
3	320	11.55
4	320	26.00
8	320	72.78
16	320	88.11
1	640	0.37
2	640	1.50
16	640	87.90
1	1280	0.19
2	1280	0.71
16	1280	87.82
1	2560	0.09
2	2560	0.36
