1	10	26.14
2	10	50.39
3	10	62.37
4	10	70.63
8	10	84.36
16	10	91.39
1	20	12.61
2	20	36.94
3	20	54.04
4	20	64.98
8	20	81.57
16	20	89.88
1	40	5.94
2	40	22.22
3	40	43.29
4	40	58.70
8	40	78.92
16	40	89.30
1	80	2.98
2	80	12.21
3	80	31.36
4	80	49.19
8	80	77.85
16	80	88.21
1	160	1.51
2	160	5.89
3	160	20.15
4	160	38.42
8	160	74.49
16	160	88.09
1	320	0.75
2	320	2.88
3	320	11.43
4	320	25.79
8	320	72.49
16	320	87.98
1	640	0.37
2	640	1.49
3	640	6.20
4	640	17.16
8	640	68.21
16	640	87.77
1	1280	0.19
2	1280	0.73
3	1280	3.37
4	1280	8.95
8	1280	65.50
16	1280	87.68
1	2560	0.09
2	2560	0.35
3	2560	1.48
4	2560	5.24
8	2560	58.63
16	2560	87.65
